---
title: "Fit the Continuous-Time Vector Autoregressive Model Using the dynr Package"
author: Ivan Jacob Agaloos Pesigan
date: "2024-11-25"
bibliography: "vignettes.bib"
csl: https://raw.githubusercontent.com/citation-style-language/styles/master/apa.csl
nocite: |
  @RCoreTeam-2024
  @Ou-Hunter-Chow-2019
output: rmarkdown::html_vignette
vignette: >
  %\VignetteIndexEntry{Fit the Continuous-Time Vector Autoregressive Model Using the dynr Package}
  %\VignetteEngine{knitr::rmarkdown}
  %\VignetteEncoding{UTF-8}
---





## Data Generation Using the `SimSSMOUFixed` Function from the `simStateSpace` Package


``` r
n
#> [1] 50
time
#> [1] 100
delta_t
#> [1] 0.1
mu0
#> [1] 0 0 0
sigma0
#>      [,1] [,2] [,3]
#> [1,]  1.0  0.2  0.2
#> [2,]  0.2  1.0  0.2
#> [3,]  0.2  0.2  1.0
sigma0_l
#>      [,1]      [,2]      [,3]
#> [1,]  1.0 0.0000000 0.0000000
#> [2,]  0.2 0.9797959 0.0000000
#> [3,]  0.2 0.1632993 0.9660918
mu
#> [1] 0 0 0
phi
#>        [,1]   [,2]   [,3]
#> [1,] -0.357  0.000  0.000
#> [2,]  0.771 -0.511  0.000
#> [3,] -0.450  0.729 -0.693
sigma
#>             [,1]       [,2]        [,3]
#> [1,]  0.24455556 0.02201587 -0.05004762
#> [2,]  0.02201587 0.07067800  0.01539456
#> [3,] -0.05004762 0.01539456  0.07553061
sigma_l
#>             [,1]      [,2]     [,3]
#> [1,]  0.49452559 0.0000000 0.000000
#> [2,]  0.04451917 0.2620993 0.000000
#> [3,] -0.10120330 0.0759256 0.243975
nu
#> [1] 0 0 0
lambda
#>      [,1] [,2] [,3]
#> [1,]    1    0    0
#> [2,]    0    1    0
#> [3,]    0    0    1
theta
#>      [,1] [,2] [,3]
#> [1,]  0.2  0.0  0.0
#> [2,]  0.0  0.2  0.0
#> [3,]  0.0  0.0  0.2
theta_l
#>           [,1]      [,2]      [,3]
#> [1,] 0.4472136 0.0000000 0.0000000
#> [2,] 0.0000000 0.4472136 0.0000000
#> [3,] 0.0000000 0.0000000 0.4472136
```


``` r
library(simStateSpace)
sim <- SimSSMOUFixed(
  n = n,
  time = time,
  delta_t = delta_t,
  mu0 = mu0,
  sigma0_l = sigma0_l,
  mu = mu,
  phi = phi,
  sigma_l = sigma_l,
  nu = nu,
  lambda = lambda,
  theta_l = theta_l,
  type = 0
)
data <- as.data.frame(sim)
colnames(data) <- c("id", "time", "x", "m", "y")
head(data)
#>   id time          x          m        y
#> 1  1  0.0 -0.3504435 0.41877429 2.611996
#> 2  1  0.1 -0.5920330 1.07433208 1.669272
#> 3  1  0.2 -0.7619855 1.21483834 2.369837
#> 4  1  0.3 -1.6964652 0.21209722 2.128531
#> 5  1  0.4 -1.2282686 0.09950326 1.891140
#> 6  1  0.5  0.1433985 0.66784226 2.036033
```

## Model Fitting

We use the `dynr` package to fit the continuous-time vector autoregressive model.




``` r
library(dynr)
```

### Prepare the Data


``` r
dynr_data <- dynr.data(
  dataframe = data,
  id = "id",
  time = "time",
  observed = c("x", "m", "y")
)
```

### Prepare the Initial Condition


``` r
dynr_initial <- prep.initial(
  values.inistate = c(
    0, 0, 0
  ),
  params.inistate = c(
    "mu0_1", "mu0_2", "mu0_3"
  ),
  values.inicov = matrix(
    data = c(
      1.0, 0.2, 0.2,
      0.2, 1.0, 0.2,
      0.2, 0.2, 1.0
    ),
    nrow = 3
  ),
  params.inicov = matrix(
    data = c(
      "sigma0_11", "sigma0_12", "sigma0_13",
      "sigma0_12", "sigma0_22", "sigma0_23",
      "sigma0_13", "sigma0_23", "sigma0_33"
    ),
    nrow = 3
  )
)
```

### Prepare the Measurement Model


``` r
dynr_measurement <- prep.measurement(
  values.load = diag(3),
  params.load = matrix(
    data = "fixed",
    nrow = 3,
    ncol = 3
  ),
  state.names = c("eta_x", "eta_m", "eta_y"),
  obs.names = c("x", "m", "y")
)
```

### Prepare the Dynamic Model


``` r
dynr_dynamics <- prep.formulaDynamics(
  formula = list(
    eta_x ~ phi_11 * eta_x + phi_12 * eta_m + phi_13 * eta_y,
    eta_m ~ phi_21 * eta_x + phi_22 * eta_m + phi_23 * eta_y,
    eta_y ~ phi_31 * eta_x + phi_32 * eta_m + phi_33 * eta_y
  ),
  startval = c(
    phi_11 = -0.2, phi_21 = 0.0, phi_31 = 0.0,
    phi_12 = 0.0, phi_22 = -0.2, phi_32 = 0.0,
    phi_13 = 0.0, phi_23 = 0.0, phi_33 = -0.2
  ),
  isContinuousTime = TRUE
)
```

### Prepare the Noise Matrices


``` r
dynr_noise <- prep.noise(
  values.latent = matrix(
    data = 0.2 * diag(3),
    nrow = 3
  ),
  params.latent = matrix(
    data = c(
      "sigma_11", "sigma_12", "sigma_13",
      "sigma_12", "sigma_22", "sigma_23",
      "sigma_13", "sigma_23", "sigma_33"
    ),
    nrow = 3
  ),
  values.observed = 0.2 * diag(3),
  params.observed = matrix(
    data = c(
      "theta_11", "fixed", "fixed",
      "fixed", "theta_22", "fixed",
      "fixed", "fixed", "theta_33"
    ),
    nrow = 3
  )
)
```

### Prepare the Model

In this example, we increase the maximum evaluations in the optimization process
and constrain the lower and upper bounds of the parameters for the drift matrix.


``` r
dynr_model <- dynr.model(
  data = dynr_data,
  initial = dynr_initial,
  measurement = dynr_measurement,
  dynamics = dynr_dynamics,
  noise = dynr_noise,
  outfile = tempfile(
    paste0(
      "src-",
      format(
        Sys.time(),
        "%Y-%m-%d-%H-%M-%OS3"
      )
    ),
    fileext = ".c"
  )
)
dynr_model@options$maxeval <- 100000
lb <- ub <- rep(NA, times = length(dynr_model$xstart))
names(ub) <- names(lb) <- names(dynr_model$xstart)
lb[
  c(
    "phi_11", "phi_21", "phi_31",
    "phi_12", "phi_22", "phi_32",
    "phi_13", "phi_23", "phi_33"
  )
] <- -1.5
ub[
  c(
    "phi_11", "phi_21", "phi_31",
    "phi_12", "phi_22", "phi_32",
    "phi_13", "phi_23", "phi_33"
  )
] <- 1.5
dynr_model$lb <- lb
dynr_model$ub <- ub
```

### Fit the Model


``` r
fit <- dynr.cook(
  dynr_model,
  verbose = FALSE
)
#> [1] "Get ready!!!!"
#> using C compiler: ‘gcc (Ubuntu 11.4.0-1ubuntu1~22.04) 11.4.0’
#> Optimization function called.
#> Starting Hessian calculation ...
#> Finished Hessian calculation.
#> Original exit flag:  3 
#> Modified exit flag:  3 
#> Optimization terminated successfully: ftol_rel or ftol_abs was reached. 
#> Original fitted parameters:  -0.2938206 0.8243997 -0.4543233 -0.07191179 
#> -0.569005 0.7076488 0.02577858 0.08268293 -0.687508 -1.44474 0.07916827 
#> -0.2743109 -2.582142 0.1771859 -2.804524 -1.604297 -1.652138 -1.622278 
#> -0.068542 0.08457274 0.1157159 -0.05897877 0.1716708 0.1095282 0.3798047 
#> -0.08085213 -0.07764372 
#> 
#> Transformed fitted parameters:  -0.2938206 0.8243997 -0.4543233 -0.07191179 
#> -0.569005 0.7076488 0.02577858 0.08268293 -0.687508 0.2358074 0.01866846 
#> -0.06468454 0.07708985 0.008276403 0.0806531 0.2010309 0.1916398 0.1974484 
#> -0.068542 0.08457274 0.1157159 0.9427268 0.1618386 0.1032552 1.489782 
#> -0.1004798 0.9461606 
#> 
#> Doing end processing
#> Successful trial
#> Total Time: 5.930121 
#> Backend Time: 5.916729
summary(fit)
#> Coefficients:
#>             Estimate Std. Error t value   ci.lower   ci.upper Pr(>|t|)    
#> phi_11    -0.2938206  0.0823322  -3.569 -0.4551887 -0.1324525   0.0002 ***
#> phi_21     0.8243997  0.0567102  14.537  0.7132498  0.9355496   <2e-16 ***
#> phi_31    -0.4543233  0.0576252  -7.884 -0.5672666 -0.3413799   <2e-16 ***
#> phi_12    -0.0719118  0.0685418  -1.049 -0.2062512  0.0624276   0.1471    
#> phi_22    -0.5690050  0.0483505 -11.768 -0.6637701 -0.4742398   <2e-16 ***
#> phi_32     0.7076488  0.0485913  14.563  0.6124116  0.8028861   <2e-16 ***
#> phi_13     0.0257786  0.0623645   0.413 -0.0964536  0.1480108   0.3397    
#> phi_23     0.0826829  0.0433495   1.907 -0.0022806  0.1676464   0.0283 *  
#> phi_33    -0.6875080  0.0440504 -15.607 -0.7738451 -0.6011709   <2e-16 ***
#> sigma_11   0.2358074  0.0227397  10.370  0.1912383  0.2803764   <2e-16 ***
#> sigma_12   0.0186685  0.0100322   1.861 -0.0009943  0.0383313   0.0314 *  
#> sigma_13  -0.0646845  0.0107579  -6.013 -0.0857696 -0.0435995   <2e-16 ***
#> sigma_22   0.0770899  0.0094276   8.177  0.0586120  0.0955677   <2e-16 ***
#> sigma_23   0.0082764  0.0066301   1.248 -0.0047184  0.0212713   0.1060    
#> sigma_33   0.0806531  0.0101728   7.928  0.0607148  0.1005914   <2e-16 ***
#> theta_11   0.2010309  0.0051054  39.376  0.1910245  0.2110374   <2e-16 ***
#> theta_22   0.1916398  0.0043710  43.843  0.1830727  0.2002069   <2e-16 ***
#> theta_33   0.1974484  0.0045188  43.695  0.1885917  0.2063051   <2e-16 ***
#> mu0_1     -0.0685420  0.1410199  -0.486 -0.3449359  0.2078519   0.3135    
#> mu0_2      0.0845727  0.1746774   0.484 -0.2577888  0.4269342   0.3141    
#> mu0_3      0.1157159  0.1405826   0.823 -0.1598208  0.3912527   0.2052    
#> sigma0_11  0.9427268  0.2010934   4.688  0.5485909  1.3368627   <2e-16 ***
#> sigma0_12  0.1618386  0.1765592   0.917 -0.1842110  0.5078883   0.1797    
#> sigma0_13  0.1032552  0.1419286   0.728 -0.1749198  0.3814302   0.2335    
#> sigma0_22  1.4897820  0.3094123   4.815  0.8833450  2.0962190   <2e-16 ***
#> sigma0_23 -0.1004798  0.1770340  -0.568 -0.4474602  0.2465005   0.2852    
#> sigma0_33  0.9461606  0.1988475   4.758  0.5564265  1.3358946   <2e-16 ***
#> ---
#> Signif. codes:  0 '***' 0.001 '**' 0.01 '*' 0.05 '.' 0.1 ' ' 1
#> 
#> -2 log-likelihood value at convergence = 21626.57
#> AIC = 21680.57
#> BIC = 21856.53
coefs <- coef(fit)
vcovs <- vcov(fit)
```

### Extract Matrices from the Fitted Model to use in cTMed


``` r
phi_names <- c(
  "phi_11", "phi_21", "phi_31",
  "phi_12", "phi_22", "phi_32",
  "phi_13", "phi_23", "phi_33"
)
sigma_names <- c(
  "sigma_11", "sigma_12", "sigma_13",
  "sigma_12", "sigma_22", "sigma_23",
  "sigma_13", "sigma_23", "sigma_33"
)
sigma_vech_names <- c(
  "sigma_11", "sigma_12", "sigma_13",
  "sigma_22", "sigma_23",
  "sigma_33"
)
theta_names <- c(
  "phi_11", "phi_21", "phi_31",
  "phi_12", "phi_22", "phi_32",
  "phi_13", "phi_23", "phi_33",
  "sigma_11", "sigma_12", "sigma_13",
  "sigma_22", "sigma_23",
  "sigma_33"
)
phi <- matrix(
  data = coefs[phi_names],
  nrow = 3,
  ncol = 3
)
sigma <- matrix(
  data = coefs[sigma_names],
  nrow = 3,
  ncol = 3
)
theta <- coefs[theta_names]
vcov_phi_vec <- vcovs[phi_names, phi_names]
vcov_sigma_vech <- vcovs[sigma_vech_names, sigma_vech_names]
vcov_theta <- vcovs[theta_names, theta_names]
```

#### Estimated Drift Matrix with Corresponding Sampling Covariance Matrix


``` r
phi
#>            [,1]        [,2]        [,3]
#> [1,] -0.2938206 -0.07191179  0.02577858
#> [2,]  0.8243997 -0.56900496  0.08268293
#> [3,] -0.4543233  0.70764882 -0.68750801
vcov_phi_vec
#>               phi_11        phi_21        phi_31        phi_12        phi_22
#> phi_11  0.0067785906  3.331661e-04 -0.0014523175 -0.0048729110 -2.770305e-04
#> phi_21  0.0003331661  3.216044e-03 -0.0001270731 -0.0001307192 -2.405386e-03
#> phi_31 -0.0014523175 -1.270731e-04  0.0033206669  0.0009886484  1.146147e-04
#> phi_12 -0.0048729110 -1.307192e-04  0.0009886484  0.0046979723  1.915985e-04
#> phi_22 -0.0002770305 -2.405386e-03  0.0001146147  0.0001915985  2.337768e-03
#> phi_32  0.0010458839  4.622561e-05 -0.0024447945 -0.0010032858 -8.817945e-05
#> phi_13  0.0033298869  4.970330e-05 -0.0006195860 -0.0033996592 -8.650402e-05
#> phi_23  0.0002246679  1.674474e-03 -0.0001056378 -0.0001915133 -1.715836e-03
#> phi_33 -0.0007398537 -1.385283e-05  0.0016846461  0.0007544102  3.621424e-05
#>               phi_32        phi_13        phi_23        phi_33
#> phi_11  1.045884e-03  3.329887e-03  0.0002246679 -7.398537e-04
#> phi_21  4.622561e-05  4.970330e-05  0.0016744738 -1.385283e-05
#> phi_31 -2.444794e-03 -6.195860e-04 -0.0001056378  1.684646e-03
#> phi_12 -1.003286e-03 -3.399659e-03 -0.0001915133  7.544102e-04
#> phi_22 -8.817945e-05 -8.650402e-05 -0.0017158364  3.621424e-05
#> phi_32  2.361116e-03  6.744102e-04  0.0001071623 -1.729971e-03
#> phi_13  6.744102e-04  3.889334e-03  0.0001804617 -8.729294e-04
#> phi_23  1.071623e-04  1.804617e-04  0.0018791806 -1.011872e-04
#> phi_33 -1.729971e-03 -8.729294e-04 -0.0001011872  1.940435e-03
```

#### Process Noise Covariance Matrix with Corresponding Sampling Covariance Matrix


``` r
sigma
#>             [,1]        [,2]         [,3]
#> [1,]  0.23580736 0.018668461 -0.064684539
#> [2,]  0.01866846 0.077089854  0.008276403
#> [3,] -0.06468454 0.008276403  0.080653100
vcov_sigma_vech
#>               sigma_11      sigma_12      sigma_13      sigma_22      sigma_23
#> sigma_11  5.170960e-04  1.300043e-05 -9.460749e-05  1.492702e-06 -5.317848e-06
#> sigma_12  1.300043e-05  1.006456e-04 -3.332410e-06  4.457230e-06 -2.203274e-05
#> sigma_13 -9.460749e-05 -3.332410e-06  1.157321e-04 -3.898362e-07  3.210232e-06
#> sigma_22  1.492702e-06  4.457230e-06 -3.898362e-07  8.888021e-05 -2.593599e-06
#> sigma_23 -5.317848e-06 -2.203274e-05  3.210232e-06 -2.593599e-06  4.395887e-05
#> sigma_33  1.954714e-05  1.483296e-06 -4.733390e-05 -3.700457e-08 -2.420129e-06
#>               sigma_33
#> sigma_11  1.954714e-05
#> sigma_12  1.483296e-06
#> sigma_13 -4.733390e-05
#> sigma_22 -3.700457e-08
#> sigma_23 -2.420129e-06
#> sigma_33  1.034860e-04
```

#### Estimated Drift Matrix and Process Noise Covariance Matrix with Corresponding Sampling Covariance Matrix


``` r
theta
#>       phi_11       phi_21       phi_31       phi_12       phi_22       phi_32 
#> -0.293820591  0.824399703 -0.454323256 -0.071911793 -0.569004960  0.707648815 
#>       phi_13       phi_23       phi_33     sigma_11     sigma_12     sigma_13 
#>  0.025778582  0.082682928 -0.687508008  0.235807358  0.018668461 -0.064684539 
#>     sigma_22     sigma_23     sigma_33 
#>  0.077089854  0.008276403  0.080653100
vcov_theta
#>                 phi_11        phi_21        phi_31        phi_12        phi_22
#> phi_11    6.778591e-03  3.331661e-04 -1.452317e-03 -4.872911e-03 -2.770305e-04
#> phi_21    3.331661e-04  3.216044e-03 -1.270731e-04 -1.307192e-04 -2.405386e-03
#> phi_31   -1.452317e-03 -1.270731e-04  3.320667e-03  9.886484e-04  1.146147e-04
#> phi_12   -4.872911e-03 -1.307192e-04  9.886484e-04  4.697972e-03  1.915985e-04
#> phi_22   -2.770305e-04 -2.405386e-03  1.146147e-04  1.915985e-04  2.337768e-03
#> phi_32    1.045884e-03  4.622561e-05 -2.444794e-03 -1.003286e-03 -8.817945e-05
#> phi_13    3.329887e-03  4.970330e-05 -6.195860e-04 -3.399659e-03 -8.650402e-05
#> phi_23    2.246679e-04  1.674474e-03 -1.056378e-04 -1.915133e-04 -1.715836e-03
#> phi_33   -7.398537e-04 -1.385283e-05  1.684646e-03  7.544102e-04  3.621424e-05
#> sigma_11 -1.101517e-03 -1.396266e-04  2.541174e-04  6.220081e-04  8.058778e-05
#> sigma_12  1.004877e-04 -2.403074e-04 -3.739101e-05 -1.266698e-04  1.274665e-04
#> sigma_13  1.366226e-04  3.033016e-05 -2.750762e-04 -3.797638e-05 -1.124941e-05
#> sigma_22 -5.678042e-06  1.141254e-04  1.136565e-05  6.626544e-06 -1.394604e-04
#> sigma_23 -4.814708e-06  2.866927e-05  5.321654e-05  1.126461e-05  7.453477e-06
#> sigma_33 -2.873700e-05 -1.314145e-05  5.784373e-05  7.763667e-06  4.721781e-06
#>                 phi_32        phi_13        phi_23        phi_33      sigma_11
#> phi_11    1.045884e-03  3.329887e-03  2.246679e-04 -7.398537e-04 -1.101517e-03
#> phi_21    4.622561e-05  4.970330e-05  1.674474e-03 -1.385283e-05 -1.396266e-04
#> phi_31   -2.444794e-03 -6.195860e-04 -1.056378e-04  1.684646e-03  2.541174e-04
#> phi_12   -1.003286e-03 -3.399659e-03 -1.915133e-04  7.544102e-04  6.220081e-04
#> phi_22   -8.817945e-05 -8.650402e-05 -1.715836e-03  3.621424e-05  8.058778e-05
#> phi_32    2.361116e-03  6.744102e-04  1.071623e-04 -1.729971e-03 -1.454841e-04
#> phi_13    6.744102e-04  3.889334e-03  1.804617e-04 -8.729294e-04 -2.941578e-04
#> phi_23    1.071623e-04  1.804617e-04  1.879181e-03 -1.011872e-04 -4.089621e-05
#> phi_33   -1.729971e-03 -8.729294e-04 -1.011872e-04  1.940435e-03  7.206693e-05
#> sigma_11 -1.454841e-04 -2.941578e-04 -4.089621e-05  7.206693e-05  5.170960e-04
#> sigma_12  3.874291e-05  7.571099e-05 -5.737061e-05 -2.243762e-05  1.300043e-05
#> sigma_13  1.438212e-04 -6.583327e-05 -6.532812e-06 -4.282609e-05 -9.460749e-05
#> sigma_22 -1.245311e-05 -3.845157e-06  8.485305e-05  7.486990e-06  1.492702e-06
#> sigma_23 -6.383288e-05 -3.803261e-06 -4.420705e-05  3.497572e-05 -5.317848e-06
#> sigma_33  1.544919e-05  1.988983e-05  6.265620e-06 -1.011828e-04  1.954714e-05
#>               sigma_12      sigma_13      sigma_22      sigma_23      sigma_33
#> phi_11    1.004877e-04  1.366226e-04 -5.678042e-06 -4.814708e-06 -2.873700e-05
#> phi_21   -2.403074e-04  3.033016e-05  1.141254e-04  2.866927e-05 -1.314145e-05
#> phi_31   -3.739101e-05 -2.750762e-04  1.136565e-05  5.321654e-05  5.784373e-05
#> phi_12   -1.266698e-04 -3.797638e-05  6.626544e-06  1.126461e-05  7.763667e-06
#> phi_22    1.274665e-04 -1.124941e-05 -1.394604e-04  7.453477e-06  4.721781e-06
#> phi_32    3.874291e-05  1.438212e-04 -1.245311e-05 -6.383288e-05  1.544919e-05
#> phi_13    7.571099e-05 -6.583327e-05 -3.845157e-06 -3.803261e-06  1.988983e-05
#> phi_23   -5.737061e-05 -6.532812e-06  8.485305e-05 -4.420705e-05  6.265620e-06
#> phi_33   -2.243762e-05 -4.282609e-05  7.486990e-06  3.497572e-05 -1.011828e-04
#> sigma_11  1.300043e-05 -9.460749e-05  1.492702e-06 -5.317848e-06  1.954714e-05
#> sigma_12  1.006456e-04 -3.332410e-06  4.457230e-06 -2.203274e-05  1.483296e-06
#> sigma_13 -3.332410e-06  1.157321e-04 -3.898362e-07  3.210232e-06 -4.733390e-05
#> sigma_22  4.457230e-06 -3.898362e-07  8.888021e-05 -2.593599e-06 -3.700457e-08
#> sigma_23 -2.203274e-05  3.210232e-06 -2.593599e-06  4.395887e-05 -2.420129e-06
#> sigma_33  1.483296e-06 -4.733390e-05 -3.700457e-08 -2.420129e-06  1.034860e-04
```

## References


