---
title: "Fit the Continuous-Time Vector Autoregressive Model Using the OpenMx Package"
author: Ivan Jacob Agaloos Pesigan
date: "2024-11-25"
bibliography: "vignettes.bib"
csl: https://raw.githubusercontent.com/citation-style-language/styles/master/apa.csl
nocite: |
  @RCoreTeam-2024
  @Neale-Hunter-Pritikin-etal-2015
  @Hunter-2017
output: rmarkdown::html_vignette
vignette: >
  %\VignetteIndexEntry{Fit the Continuous-Time Vector Autoregressive Model Using the OpenMx Package}
  %\VignetteEngine{knitr::rmarkdown}
  %\VignetteEncoding{UTF-8}
---





## Data Generation Using the `SimSSMOUFixed` Function from the `simStateSpace` Package


``` r
n
#> [1] 50
time
#> [1] 100
delta_t
#> [1] 0.1
mu0
#> [1] 0 0 0
sigma0
#>      [,1] [,2] [,3]
#> [1,]  1.0  0.2  0.2
#> [2,]  0.2  1.0  0.2
#> [3,]  0.2  0.2  1.0
sigma0_l
#>      [,1]      [,2]      [,3]
#> [1,]  1.0 0.0000000 0.0000000
#> [2,]  0.2 0.9797959 0.0000000
#> [3,]  0.2 0.1632993 0.9660918
mu
#> [1] 0 0 0
phi
#>        [,1]   [,2]   [,3]
#> [1,] -0.357  0.000  0.000
#> [2,]  0.771 -0.511  0.000
#> [3,] -0.450  0.729 -0.693
sigma
#>             [,1]       [,2]        [,3]
#> [1,]  0.24455556 0.02201587 -0.05004762
#> [2,]  0.02201587 0.07067800  0.01539456
#> [3,] -0.05004762 0.01539456  0.07553061
sigma_l
#>             [,1]      [,2]     [,3]
#> [1,]  0.49452559 0.0000000 0.000000
#> [2,]  0.04451917 0.2620993 0.000000
#> [3,] -0.10120330 0.0759256 0.243975
nu
#> [1] 0 0 0
lambda
#>      [,1] [,2] [,3]
#> [1,]    1    0    0
#> [2,]    0    1    0
#> [3,]    0    0    1
theta
#>      [,1] [,2] [,3]
#> [1,]  0.2  0.0  0.0
#> [2,]  0.0  0.2  0.0
#> [3,]  0.0  0.0  0.2
theta_l
#>           [,1]      [,2]      [,3]
#> [1,] 0.4472136 0.0000000 0.0000000
#> [2,] 0.0000000 0.4472136 0.0000000
#> [3,] 0.0000000 0.0000000 0.4472136
```


``` r
library(simStateSpace)
sim <- SimSSMOUFixed(
  n = n,
  time = time,
  delta_t = delta_t,
  mu0 = mu0,
  sigma0_l = sigma0_l,
  mu = mu,
  phi = phi,
  sigma_l = sigma_l,
  nu = nu,
  lambda = lambda,
  theta_l = theta_l,
  type = 0
)
data <- as.data.frame(sim)
colnames(data) <- c("id", "time", "x", "m", "y")
head(data)
#>   id time          x          m        y
#> 1  1  0.0 -0.3504435 0.41877429 2.611996
#> 2  1  0.1 -0.5920330 1.07433208 1.669272
#> 3  1  0.2 -0.7619855 1.21483834 2.369837
#> 4  1  0.3 -1.6964652 0.21209722 2.128531
#> 5  1  0.4 -1.2282686 0.09950326 1.891140
#> 6  1  0.5  0.1433985 0.66784226 2.036033
```

## Model Fitting

We use the `OpenMx` package to fit the continuous-time vector autoregressive model.




``` r
library(OpenMx)
```

### Prepare the Initial Condition


``` r
mu0 <- mxMatrix(
  type = "Full",
  nrow = 3,
  ncol = 1,
  free = TRUE,
  values = matrix(
    data = c(
      0, 0, 0
    ),
    nrow = 3,
    ncol = 1
  ),
  labels = matrix(
    data = c(
      "mu0_1", "mu0_2", "mu0_3"
    ),
    nrow = 3,
    ncol = 1
  ),
  lbound = NA,
  ubound = NA,
  byrow = FALSE,
  dimnames = list(
    c("eta_x", "eta_m", "eta_y"),
    "mu0"
  ),
  name = "mu0"
)
sigma0 <- mxMatrix(
  type = "Symm",
  nrow = 3,
  ncol = 3,
  free = TRUE,
  values = matrix(
    data = c(
      1.0, 0.2, 0.2,
      0.2, 1.0, 0.2,
      0.2, 0.2, 1.0
    ),
    nrow = 3,
    ncol = 3
  ),
  labels = matrix(
    data = c(
      "sigma0_11", "sigma0_12", "sigma0_13",
      "sigma0_12", "sigma0_22", "sigma0_23",
      "sigma0_13", "sigma0_23", "sigma0_33"
    ),
    nrow = 3,
    ncol = 3
  ),
  lbound = matrix(
    data = c(
      0, NA, NA,
      NA, 0, NA,
      NA, NA, 0
    ),
    nrow = 3,
    ncol = 3
  ),
  ubound = NA,
  byrow = FALSE,
  dimnames = list(
    c("eta_x", "eta_m", "eta_y"),
    c("eta_x", "eta_m", "eta_y")
  ),
  name = "sigma0"
)
```

### Prepare the Measurement Model


``` r
lambda <- mxMatrix(
  type = "Diag",
  nrow = 3,
  ncol = 3,
  free = FALSE,
  values = 1,
  labels = NA,
  lbound = NA,
  ubound = NA,
  byrow = FALSE,
  dimnames = list(
    c("x", "m", "y"),
    c("eta_x", "eta_m", "eta_y")
  ),
  name = "lambda"
)
```

### Prepare the Dynamic Model


``` r
phi <- mxMatrix(
  type = "Full",
  nrow = 3,
  ncol = 3,
  free = TRUE,
  values = matrix(
    data = c(
      -0.2, 0.0, 0.0,
      0.0, -0.2, 0.0,
      0.0, 0.0, -0.2
    ),
    nrow = 3,
    ncol = 3
  ),
  labels = matrix(
    data = c(
      "phi_11", "phi_21", "phi_31",
      "phi_12", "phi_22", "phi_32",
      "phi_13", "phi_23", "phi_33"
    ),
    nrow = 3,
    ncol = 3
  ),
  lbound = -1.5,
  ubound = 1.5,
  byrow = FALSE,
  dimnames = list(
    c("eta_x", "eta_m", "eta_y"),
    c("eta_x", "eta_m", "eta_y")
  ),
  name = "phi"
)
```

### Prepare the Noise Matrices


``` r
sigma <- mxMatrix(
  type = "Symm",
  nrow = 3,
  ncol = 3,
  free = TRUE,
  values = 0.2 * diag(3),
  labels = matrix(
    data = c(
      "sigma_11", "sigma_12", "sigma_13",
      "sigma_12", "sigma_22", "sigma_23",
      "sigma_13", "sigma_23", "sigma_33"
    ),
    nrow = 3,
    ncol = 3
  ),
  lbound = matrix(
    data = c(
      0, NA, NA,
      NA, 0, NA,
      NA, NA, 0
    ),
    nrow = 3,
    ncol = 3
  ),
  ubound = NA,
  byrow = FALSE,
  dimnames = list(
    c("eta_x", "eta_m", "eta_y"),
    c("eta_x", "eta_m", "eta_y")
  ),
  name = "sigma"
)
theta <- mxMatrix(
  type = "Diag",
  nrow = 3,
  ncol = 3,
  free = TRUE,
  values = 0.2 * diag(3),
  labels = matrix(
    data = c(
      "theta_11", "fixed", "fixed",
      "fixed", "theta_22", "fixed",
      "fixed", "fixed", "theta_33"
    ),
    nrow = 3,
    ncol = 3
  ),
  lbound = matrix(
    data = c(
      0, NA, NA,
      NA, 0, NA,
      NA, NA, 0
    ),
    nrow = 3,
    ncol = 3
  ),
  ubound = NA,
  byrow = FALSE,
  dimnames = list(
    c("x", "m", "y"),
    c("x", "m", "y")
  ),
  name = "theta"
)
```

### Prepare Miscellaneous Matrices


``` r
time <- mxMatrix(
  type = "Full",
  nrow = 1,
  ncol = 1,
  free = FALSE,
  labels = "data.time",
  name = "time"
)
gamma <- mxMatrix(
  type = "Zero",
  nrow = 3,
  ncol = 1,
  name = "gamma"
)
kappa <- mxMatrix(
  type = "Zero",
  nrow = 3,
  ncol = 1,
  name = "kappa"
)
covariate <- mxMatrix(
  type = "Zero",
  nrow = 1,
  ncol = 1,
  name = "covariate"
)
```

### Prepare the Model

In this parameterization, we fit the same model to all individuals (`id`) using a multi-group framework, assuming that the parameters remain fixed across individuals.


``` r
model <- mxModel(
  model = "CTVAR",
  phi,
  gamma,
  lambda,
  kappa,
  sigma,
  theta,
  mu0,
  sigma0,
  covariate,
  time,
  mxExpectationStateSpaceContinuousTime(
    A = "phi",
    B = "gamma",
    C = "lambda",
    D = "kappa",
    Q = "sigma",
    R = "theta",
    x0 = "mu0",
    P0 = "sigma0",
    u = "covariate",
    t = "time",
    dimnames = c("x", "m", "y")
  ),
  mxFitFunctionML(),
  mxData(
    observed = data,
    type = "raw"
  )
)
ids <- sort(
  unique(data[, "id"])
)
model_id <- lapply(
  X = ids,
  FUN = function(i,
                 data,
                 model) {
    return(
      mxModel(
        name = paste0("CTVAR", "_", i),
        model = model,
        mxData(
          observed = data[
            which(
              data[, "id"] == i
            ), ,
            drop = FALSE
          ],
          type = "raw"
        )
      )
    )
  },
  data = data,
  model = model
)
```

### Fit the Model


``` r
fit <- mxTryHardctsem(
  model = mxModel(
    name = "CTVAR",
    model_id,
    mxFitFunctionMultigroup(
      paste0(
        "CTVAR",
        "_",
        ids
      )
    )
  ),
  extraTries = 1000
)
#> Running CTVAR with 27 parameters
#> 
#> Beginning initial fit attempt
#> Running CTVAR with 27 parameters
#> 
#>  Lowest minimum so far:  21626.5696149472
#> 
#> Solution found
```



```
#> 
#>  Solution found!  Final fit=21626.57 (started at 22577.553)  (1 attempt(s): 1 valid, 0 errors)
#>  Start values from best fit:
#> -0.29379097583789,0.824373595917501,-0.454352942205223,-0.0719257347916025,-0.568941560392191,0.707694577244066,0.0257889220428966,0.0826903186747685,-0.687497461821001,0.23016000981719,0.0279936283805442,0.0788922445375551,-0.0678961702184338,0.00451046217323374,0.0843652758360311,0.201040220873438,0.191651067953405,0.197460049262737,-0.0684443084225952,0.0846200173733366,0.11577025078828,0.942751975803094,0.161848196615772,1.48976469452612,0.103298444349885,-0.100426756281092,0.946206286257911
summary(fit)
#> Summary of CTVAR 
#>  
#> free parameters:
#>         name         matrix   row   col     Estimate   Std.Error A lbound
#> 1     phi_11    CTVAR_1.phi eta_x eta_x -0.293790976 0.082063776     -1.5
#> 2     phi_21    CTVAR_1.phi eta_m eta_x  0.824373596 0.056706200     -1.5
#> 3     phi_31    CTVAR_1.phi eta_y eta_x -0.454352942 0.057666390     -1.5
#> 4     phi_12    CTVAR_1.phi eta_x eta_m -0.071925735 0.068408286     -1.5
#> 5     phi_22    CTVAR_1.phi eta_m eta_m -0.568941560 0.048323123     -1.5
#> 6     phi_32    CTVAR_1.phi eta_y eta_m  0.707694577 0.048644307     -1.5
#> 7     phi_13    CTVAR_1.phi eta_x eta_y  0.025788922 0.062342064     -1.5
#> 8     phi_23    CTVAR_1.phi eta_m eta_y  0.082690319 0.043344461     -1.5
#> 9     phi_33    CTVAR_1.phi eta_y eta_y -0.687497462 0.044082137     -1.5
#> 10  sigma_11  CTVAR_1.sigma eta_x eta_x  0.230160010 0.022622178        0
#> 11  sigma_12  CTVAR_1.sigma eta_x eta_m  0.027993628 0.009998832         
#> 12  sigma_22  CTVAR_1.sigma eta_m eta_m  0.078892245 0.009570572        0
#> 13  sigma_13  CTVAR_1.sigma eta_x eta_y -0.067896170 0.010705461         
#> 14  sigma_23  CTVAR_1.sigma eta_m eta_y  0.004510462 0.006768778         
#> 15  sigma_33  CTVAR_1.sigma eta_y eta_y  0.084365276 0.010385641        0
#> 16  theta_11  CTVAR_1.theta     x     x  0.201040221 0.005103560        0
#> 17  theta_22  CTVAR_1.theta     m     m  0.191651068 0.004371673        0
#> 18  theta_33  CTVAR_1.theta     y     y  0.197460049 0.004520305        0
#> 19     mu0_1    CTVAR_1.mu0 eta_x   mu0 -0.068444308 0.141776453         
#> 20     mu0_2    CTVAR_1.mu0 eta_m   mu0  0.084620017 0.175183988         
#> 21     mu0_3    CTVAR_1.mu0 eta_y   mu0  0.115770251 0.141079898         
#> 22 sigma0_11 CTVAR_1.sigma0 eta_x eta_x  0.942751976 0.202246138        0
#> 23 sigma0_12 CTVAR_1.sigma0 eta_x eta_m  0.161848197 0.178239716         
#> 24 sigma0_22 CTVAR_1.sigma0 eta_m eta_m  1.489764695 0.309098287        0
#> 25 sigma0_13 CTVAR_1.sigma0 eta_x eta_y  0.103298444 0.143168351 !       
#> 26 sigma0_23 CTVAR_1.sigma0 eta_m eta_y -0.100426756 0.176827061 !       
#> 27 sigma0_33 CTVAR_1.sigma0 eta_y eta_y  0.946206286 0.200547780 !      0
#>    ubound
#> 1     1.5
#> 2     1.5
#> 3     1.5
#> 4     1.5
#> 5     1.5
#> 6     1.5
#> 7     1.5
#> 8     1.5
#> 9     1.5
#> 10       
#> 11       
#> 12       
#> 13       
#> 14       
#> 15       
#> 16       
#> 17       
#> 18       
#> 19       
#> 20       
#> 21       
#> 22       
#> 23       
#> 24       
#> 25       
#> 26       
#> 27       
#> 
#> Model Statistics: 
#>                |  Parameters  |  Degrees of Freedom  |  Fit (-2lnL units)
#>        Model:             27                  14973              21626.57
#>    Saturated:             NA                     NA                    NA
#> Independence:             NA                     NA                    NA
#> Number of observations/statistics: 5000/15000
#> 
#> Information Criteria: 
#>       |  df Penalty  |  Parameters Penalty  |  Sample-Size Adjusted
#> AIC:       -8319.43               21680.57                 21680.87
#> BIC:     -105901.36               21856.53                 21770.74
#> CFI: NA 
#> TLI: 1   (also known as NNFI) 
#> RMSEA:  0  [95% CI (NA, NA)]
#> Prob(RMSEA <= 0.05): NA
#> To get additional fit indices, see help(mxRefModels)
#> timestamp: 2024-11-25 21:41:00 
#> Wall clock time: 206.0192 secs 
#> optimizer:  SLSQP 
#> OpenMx version number: 2.21.13 
#> Need help?  See help(mxSummary)
coefs <- coef(fit)
vcovs <- vcov(fit)
```

### Extract Matrices from the Fitted Model to use in cTMed


``` r
phi_names <- c(
  "phi_11", "phi_21", "phi_31",
  "phi_12", "phi_22", "phi_32",
  "phi_13", "phi_23", "phi_33"
)
sigma_names <- c(
  "sigma_11", "sigma_12", "sigma_13",
  "sigma_12", "sigma_22", "sigma_23",
  "sigma_13", "sigma_23", "sigma_33"
)
sigma_vech_names <- c(
  "sigma_11", "sigma_12", "sigma_13",
  "sigma_22", "sigma_23",
  "sigma_33"
)
theta_names <- c(
  "phi_11", "phi_21", "phi_31",
  "phi_12", "phi_22", "phi_32",
  "phi_13", "phi_23", "phi_33",
  "sigma_11", "sigma_12", "sigma_13",
  "sigma_22", "sigma_23",
  "sigma_33"
)
phi <- matrix(
  data = coefs[phi_names],
  nrow = 3,
  ncol = 3
)
sigma <- matrix(
  data = coefs[sigma_names],
  nrow = 3,
  ncol = 3
)
theta <- coefs[theta_names]
vcov_phi_vec <- vcovs[phi_names, phi_names]
vcov_sigma_vech <- vcovs[sigma_vech_names, sigma_vech_names]
vcov_theta <- vcovs[theta_names, theta_names]
```

#### Estimated Drift Matrix with Corresponding Sampling Covariance Matrix


``` r
phi
#>            [,1]        [,2]        [,3]
#> [1,] -0.2937910 -0.07192573  0.02578892
#> [2,]  0.8243736 -0.56894156  0.08269032
#> [3,] -0.4543529  0.70769458 -0.68749746
vcov_phi_vec
#>               phi_11        phi_21        phi_31        phi_12        phi_22
#> phi_11  0.0067344633  3.317683e-04 -0.0014325792 -0.0048438048 -2.767766e-04
#> phi_21  0.0003317683  3.215593e-03 -0.0001192551 -0.0001304801 -2.403558e-03
#> phi_31 -0.0014325792 -1.192551e-04  0.0033254125  0.0009750713  1.082857e-04
#> phi_12 -0.0048438048 -1.304801e-04  0.0009750713  0.0046796936  1.922606e-04
#> phi_22 -0.0002767766 -2.403558e-03  0.0001082857  0.0001922606  2.335124e-03
#> phi_32  0.0010323866  3.926045e-05 -0.0024496632 -0.0009942667 -8.254660e-05
#> phi_13  0.0033130679  4.912171e-05 -0.0006100554 -0.0033903677 -8.666760e-05
#> phi_23  0.0002243365  1.673294e-03 -0.0001008891 -0.0001919808 -1.714327e-03
#> phi_33 -0.0007300836 -8.154886e-06  0.0016880104  0.0007478288  3.140741e-05
#>               phi_32        phi_13        phi_23        phi_33
#> phi_11  1.032387e-03  3.313068e-03  2.243365e-04 -7.300836e-04
#> phi_21  3.926045e-05  4.912171e-05  1.673294e-03 -8.154886e-06
#> phi_31 -2.449663e-03 -6.100554e-04 -1.008891e-04  1.688010e-03
#> phi_12 -9.942667e-04 -3.390368e-03 -1.919808e-04  7.478288e-04
#> phi_22 -8.254660e-05 -8.666760e-05 -1.714327e-03  3.140741e-05
#> phi_32  2.366269e-03  6.682839e-04  1.030307e-04 -1.733782e-03
#> phi_13  6.682839e-04  3.886533e-03  1.807666e-04 -8.685704e-04
#> phi_23  1.030307e-04  1.807666e-04  1.878742e-03 -9.773967e-05
#> phi_33 -1.733782e-03 -8.685704e-04 -9.773967e-05  1.943235e-03
```

#### Process Noise Covariance Matrix with Corresponding Sampling Covariance Matrix


``` r
sigma
#>             [,1]        [,2]         [,3]
#> [1,]  0.23016001 0.027993628 -0.067896170
#> [2,]  0.02799363 0.078892245  0.004510462
#> [3,] -0.06789617 0.004510462  0.084365276
vcov_sigma_vech
#>               sigma_11      sigma_12      sigma_13      sigma_22      sigma_23
#> sigma_11  5.117630e-04  2.215953e-05 -9.547697e-05  6.932257e-07 -4.539640e-06
#> sigma_12  2.215953e-05  9.997664e-05 -7.129966e-06  1.111889e-05 -2.361471e-05
#> sigma_13 -9.547697e-05 -7.129966e-06  1.146069e-04 -1.027190e-06  7.401090e-06
#> sigma_22  6.932257e-07  1.111889e-05 -1.027190e-06  9.159585e-05 -5.224807e-06
#> sigma_23 -4.539640e-06 -2.361471e-05  7.401090e-06 -5.224807e-06  4.581636e-05
#> sigma_33  1.719362e-05  3.461782e-06 -4.884121e-05  1.189878e-08 -5.944173e-06
#>               sigma_33
#> sigma_11  1.719362e-05
#> sigma_12  3.461782e-06
#> sigma_13 -4.884121e-05
#> sigma_22  1.189878e-08
#> sigma_23 -5.944173e-06
#> sigma_33  1.078615e-04
```

#### Estimated Drift Matrix and Process Noise Covariance Matrix with Corresponding Sampling Covariance Matrix


``` r
theta
#>       phi_11       phi_21       phi_31       phi_12       phi_22       phi_32 
#> -0.293790976  0.824373596 -0.454352942 -0.071925735 -0.568941560  0.707694577 
#>       phi_13       phi_23       phi_33     sigma_11     sigma_12     sigma_13 
#>  0.025788922  0.082690319 -0.687497462  0.230160010  0.027993628 -0.067896170 
#>     sigma_22     sigma_23     sigma_33 
#>  0.078892245  0.004510462  0.084365276
vcov_theta
#>                 phi_11        phi_21        phi_31        phi_12        phi_22
#> phi_11    6.734463e-03  3.317683e-04 -1.432579e-03 -4.843805e-03 -2.767766e-04
#> phi_21    3.317683e-04  3.215593e-03 -1.192551e-04 -1.304801e-04 -2.403558e-03
#> phi_31   -1.432579e-03 -1.192551e-04  3.325412e-03  9.750713e-04  1.082857e-04
#> phi_12   -4.843805e-03 -1.304801e-04  9.750713e-04  4.679694e-03  1.922606e-04
#> phi_22   -2.767766e-04 -2.403558e-03  1.082857e-04  1.922606e-04  2.335124e-03
#> phi_32    1.032387e-03  3.926045e-05 -2.449663e-03 -9.942667e-04 -8.254660e-05
#> phi_13    3.313068e-03  4.912171e-05 -6.100554e-04 -3.390368e-03 -8.666760e-05
#> phi_23    2.243365e-04  1.673294e-03 -1.008891e-04 -1.919808e-04 -1.714327e-03
#> phi_33   -7.300836e-04 -8.154886e-06  1.688010e-03  7.478288e-04  3.140741e-05
#> sigma_11 -1.134029e-03 -1.287758e-04  2.697324e-04  6.630334e-04  7.831340e-05
#> sigma_12  9.461497e-05 -2.294507e-04 -3.683590e-05 -1.407020e-04  1.214923e-04
#> sigma_13  1.228704e-04  1.951150e-05 -2.543190e-04 -1.924834e-05 -4.269407e-06
#> sigma_22  1.513799e-05  1.013494e-04  5.241203e-06 -1.696995e-05 -1.365506e-04
#> sigma_23 -2.432676e-05  2.729738e-05  5.090676e-05  3.495704e-05  9.140550e-06
#> sigma_33 -1.837697e-06 -1.298531e-05  4.433789e-05 -2.034388e-05  5.781158e-06
#>                 phi_32        phi_13        phi_23        phi_33      sigma_11
#> phi_11    1.032387e-03  3.313068e-03  2.243365e-04 -7.300836e-04 -1.134029e-03
#> phi_21    3.926045e-05  4.912171e-05  1.673294e-03 -8.154886e-06 -1.287758e-04
#> phi_31   -2.449663e-03 -6.100554e-04 -1.008891e-04  1.688010e-03  2.697324e-04
#> phi_12   -9.942667e-04 -3.390368e-03 -1.919808e-04  7.478288e-04  6.630334e-04
#> phi_22   -8.254660e-05 -8.666760e-05 -1.714327e-03  3.140741e-05  7.831340e-05
#> phi_32    2.366269e-03  6.682839e-04  1.030307e-04 -1.733782e-03 -1.630307e-04
#> phi_13    6.682839e-04  3.886533e-03  1.807666e-04 -8.685704e-04 -3.366330e-04
#> phi_23    1.030307e-04  1.807666e-04  1.878742e-03 -9.773967e-05 -4.362025e-05
#> phi_33   -1.733782e-03 -8.685704e-04 -9.773967e-05  1.943235e-03  8.927727e-05
#> sigma_11 -1.630307e-04 -3.366330e-04 -4.362025e-05  8.927727e-05  5.117630e-04
#> sigma_12  4.508940e-05  9.534295e-05 -5.422940e-05 -3.050722e-05  2.215953e-05
#> sigma_13  1.291871e-04 -9.300977e-05 -1.105922e-05 -3.060823e-05 -9.547697e-05
#> sigma_22 -5.197696e-06  1.210140e-05  8.850718e-05  3.275548e-06  6.932257e-07
#> sigma_23 -6.821140e-05 -2.743430e-05 -4.767450e-05  4.397776e-05 -4.539640e-06
#> sigma_33  2.870511e-05  5.372982e-05  4.375873e-06 -1.163792e-04  1.719362e-05
#>               sigma_12      sigma_13      sigma_22      sigma_23      sigma_33
#> phi_11    9.461497e-05  1.228704e-04  1.513799e-05 -2.432676e-05 -1.837697e-06
#> phi_21   -2.294507e-04  1.951150e-05  1.013494e-04  2.729738e-05 -1.298531e-05
#> phi_31   -3.683590e-05 -2.543190e-04  5.241203e-06  5.090676e-05  4.433789e-05
#> phi_12   -1.407020e-04 -1.924834e-05 -1.696995e-05  3.495704e-05 -2.034388e-05
#> phi_22    1.214923e-04 -4.269407e-06 -1.365506e-04  9.140550e-06  5.781158e-06
#> phi_32    4.508940e-05  1.291871e-04 -5.197696e-06 -6.821140e-05  2.870511e-05
#> phi_13    9.534295e-05 -9.300977e-05  1.210140e-05 -2.743430e-05  5.372982e-05
#> phi_23   -5.422940e-05 -1.105922e-05  8.850718e-05 -4.767450e-05  4.375873e-06
#> phi_33   -3.050722e-05 -3.060823e-05  3.275548e-06  4.397776e-05 -1.163792e-04
#> sigma_11  2.215953e-05 -9.547697e-05  6.932257e-07 -4.539640e-06  1.719362e-05
#> sigma_12  9.997664e-05 -7.129966e-06  1.111889e-05 -2.361471e-05  3.461782e-06
#> sigma_13 -7.129966e-06  1.146069e-04 -1.027190e-06  7.401090e-06 -4.884121e-05
#> sigma_22  1.111889e-05 -1.027190e-06  9.159585e-05 -5.224807e-06  1.189878e-08
#> sigma_23 -2.361471e-05  7.401090e-06 -5.224807e-06  4.581636e-05 -5.944173e-06
#> sigma_33  3.461782e-06 -4.884121e-05  1.189878e-08 -5.944173e-06  1.078615e-04
```

## References


